92	63	63	74	39	64	59	37	64	44	41	47	82	67	57	17	86	79	47	51	51	84	75	53	80	63	59	92	50	3	46	81	81	93	68	75	79	66	18	60	54	95	24	81	2	54	60	50	30	65	3	51	31	96	86	34	95	1	53	23	47	88	96	23	19	84	58	91	28	42	32	96	74	11	14	80	8	66	82	70	17	31	67	37	70	90	48	11	88	77	50	44	12	96	19	38	4	71	42	90
10	24	40	63	90	39	69	63	8	37	63	11	8	72	45	89	40	44	90	66	20	40	83	23	69	19	74	46	74	99	20	91	15	83	91	63	95	34	44	21	0	32	18	94	46	62	9	80	17	14	81	4	60	44	99	63	47	87	91	96	49	63	40	81	7	35	2	44	85	59	66	72	54	59	22	39	0	28	93	3	1	7	7	45	9	87	42	44	0	67	1	87	36	86	99	65	41	22	50	9
98	58	43	37	96	21	72	1	50	86	25	90	46	50	51	41	50	13	74	13	67	21	17	29	67	77	13	49	77	73	99	96	41	40	8	68	15	18	69	49	73	70	43	33	19	41	63	47	60	8	82	62	14	47	62	76	48	38	10	80	80	61	12	63	73	41	6	85	75	63	7	47	57	19	40	98	39	92	78	19	26	67	5	50	84	17	8	53	80	42	95	5	100	16	71	33	0	36	72	31
31	42	15	3	74	91	29	73	76	79	87	95	80	36	96	91	83	52	21	24	85	96	1	52	61	56	70	61	28	61	66	83	65	38	86	19	39	41	19	10	41	43	79	34	63	20	23	89	23	72	41	28	76	87	37	49	38	80	59	98	14	13	16	37	25	54	87	9	87	49	3	51	80	24	26	2	36	39	32	30	3	50	52	55	93	88	22	32	37	84	6	36	56	73	37	3	30	33	25	50
33	85	86	66	57	73	57	28	100	65	40	94	15	88	23	54	81	26	32	97	47	45	20	4	51	100	76	69	14	50	42	8	63	18	40	94	58	0	32	100	24	9	82	65	43	93	54	93	42	68	52	52	17	56	84	65	56	6	99	49	45	81	21	12	50	26	24	57	69	83	13	33	51	22	54	9	68	47	1	89	16	100	59	39	25	24	10	35	67	90	69	32	99	72	92	51	94	72	80	88
87	43	8	19	12	86	32	16	94	43	86	17	31	11	6	30	70	28	60	85	12	60	13	47	95	20	38	59	81	69	53	54	24	10	95	90	53	1	65	72	33	96	6	24	10	49	87	83	97	76	17	6	0	50	20	48	65	65	52	6	4	1	25	27	89	34	47	46	60	40	55	26	21	55	60	76	79	10	79	20	55	0	95	9	13	61	75	90	52	88	40	51	72	88	85	20	12	40	67	29
14	25	49	95	95	54	40	94	42	53	45	48	75	8	78	79	79	31	52	3	2	57	85	98	46	28	73	28	75	85	36	72	100	53	60	69	6	46	28	25	8	91	49	8	6	63	85	99	15	59	65	100	84	31	13	13	23	49	20	65	33	92	79	34	32	25	34	51	57	74	14	48	83	3	95	60	13	87	67	9	63	11	88	46	43	98	3	82	56	9	25	57	64	13	78	56	44	35	56	34
16	60	11	39	66	10	58	49	96	8	68	60	16	75	30	31	77	95	97	62	17	68	77	67	24	40	44	5	86	38	21	42	75	66	42	0	57	88	89	14	46	25	95	11	12	51	3	90	84	6	75	5	39	6	19	44	18	13	22	90	12	51	41	8	96	28	84	99	10	92	31	31	8	79	20	4	3	82	98	73	50	27	65	3	72	83	78	89	34	56	0	41	66	48	98	53	57	19	4	17
45	87	4	21	54	1	63	66	71	45	6	57	47	86	15	51	30	36	24	54	55	71	69	78	49	73	63	36	30	0	14	33	20	11	84	35	50	87	88	83	98	41	11	99	54	82	29	67	16	54	58	70	51	52	64	0	13	26	8	99	51	72	6	92	24	77	35	69	55	46	67	21	81	81	98	96	20	63	85	12	95	87	49	19	88	79	100	64	100	29	71	55	71	59	96	64	68	30	65	98
15	10	60	9	11	16	55	70	21	82	5	50	83	85	2	36	45	39	73	77	8	99	10	12	6	26	84	55	62	16	3	9	94	14	4	30	52	65	67	9	16	69	47	59	8	48	48	66	6	24	87	2	19	64	74	50	76	52	82	11	2	29	97	48	22	72	56	2	34	80	41	38	89	95	11	3	76	81	20	67	49	46	83	90	41	77	98	9	63	21	21	58	27	89	68	78	73	1	66	13
95	44	30	65	77	36	31	55	23	18	80	10	84	48	52	6	15	67	18	49	27	93	24	77	36	88	72	57	10	94	89	7	64	21	26	7	17	100	60	85	14	81	67	25	86	32	22	16	5	85	76	93	93	45	32	83	0	53	88	14	28	90	85	96	49	30	85	1	31	13	5	34	52	14	74	100	57	89	45	28	38	80	70	8	19	59	52	76	78	7	20	9	22	37	77	89	27	15	57	42
39	50	35	71	50	4	16	12	62	98	92	27	39	0	74	0	100	91	46	25	7	15	89	57	100	95	54	7	96	17	77	23	89	50	90	77	81	99	24	55	18	15	53	18	91	9	86	1	93	77	71	14	9	75	59	16	29	14	93	27	11	58	5	51	64	13	71	78	24	23	84	67	69	74	58	17	50	57	77	18	82	8	92	97	12	43	90	95	4	92	46	90	53	35	54	75	79	3	12	18
79	49	59	44	55	18	24	95	1	42	11	23	26	28	79	40	8	38	9	83	62	59	30	39	81	16	95	20	9	13	67	61	47	73	52	87	74	59	81	22	34	24	80	68	27	69	2	71	4	97	55	92	67	85	67	4	53	34	61	28	68	0	38	5	23	87	13	39	9	91	72	14	36	94	97	24	24	3	61	83	35	86	91	66	78	85	23	51	61	96	22	21	70	84	2	26	1	76	3	11
85	70	83	1	97	2	48	17	35	85	77	80	53	19	7	71	38	74	5	4	74	26	39	82	16	59	81	60	11	66	29	20	30	59	74	42	11	56	27	30	80	62	33	71	47	50	61	60	45	12	49	23	94	63	65	88	74	51	32	29	71	99	76	47	63	47	74	29	32	16	21	93	19	46	73	50	9	75	27	25	61	25	9	4	99	14	17	31	17	32	93	13	2	14	93	43	66	80	35	52
58	66	96	64	23	47	97	52	26	59	0	93	1	87	93	98	76	24	64	45	68	4	80	26	58	72	92	30	34	33	59	45	37	31	69	53	65	45	17	81	57	11	81	83	17	99	10	98	57	87	42	86	69	58	93	95	96	74	100	46	81	28	82	91	3	61	41	21	14	27	22	73	73	38	31	52	30	45	76	14	67	99	96	22	75	72	34	55	77	10	8	15	79	64	60	40	91	59	70	95
52	38	94	87	85	46	26	35	10	23	53	40	49	7	67	68	60	25	4	56	52	79	57	2	71	12	83	16	1	93	10	90	40	22	17	34	4	70	100	35	97	80	51	26	58	84	91	68	87	74	92	65	89	36	89	61	70	93	60	88	48	91	28	49	76	24	16	67	63	14	24	74	53	29	77	10	29	54	35	86	62	98	98	17	4	22	35	8	32	14	88	45	35	8	13	11	52	9	98	68
96	97	32	24	64	31	99	9	58	96	72	5	93	10	14	20	78	93	19	63	95	22	55	96	92	47	0	51	18	28	82	74	16	42	89	11	20	77	37	24	95	26	55	60	60	72	30	13	73	52	90	33	53	67	91	86	43	55	12	3	46	93	46	66	88	55	62	92	59	6	97	56	29	84	72	11	10	52	63	65	25	26	28	18	6	34	25	37	98	26	10	61	55	49	63	93	71	53	47	89
78	26	62	29	67	60	39	61	4	10	71	88	85	12	84	87	1	68	44	61	50	89	66	93	23	36	20	34	35	1	97	84	31	97	41	76	87	81	23	28	78	48	65	66	94	30	42	40	52	23	5	29	36	95	36	84	72	50	46	69	87	57	29	13	18	98	73	10	37	66	6	16	9	89	52	15	75	96	66	96	10	97	51	52	47	31	30	94	40	54	9	18	13	1	91	42	97	12	17	28
28	81	70	42	78	11	90	75	16	62	73	0	25	54	5	38	44	69	98	68	79	62	41	13	68	57	88	26	94	77	40	1	48	36	59	49	25	19	9	48	47	78	8	78	36	94	6	34	66	81	10	27	37	94	97	68	77	31	64	73	10	56	17	9	81	64	61	95	51	81	88	32	64	70	75	90	45	42	46	15	37	43	74	64	89	76	11	92	55	41	26	82	11	52	33	14	46	69	99	5
34	16	0	43	70	14	94	34	48	89	60	58	10	22	100	10	21	10	42	0	89	19	52	8	17	85	34	50	3	4	87	48	58	58	82	80	84	69	20	1	5	90	12	98	35	2	93	38	94	43	93	90	78	34	90	41	28	96	98	74	67	75	47	75	99	92	90	75	46	58	60	3	98	37	65	54	43	86	14	95	32	19	61	58	63	45	26	59	29	52	19	0	67	25	64	83	47	85	51	74
47	11	34	67	22	99	68	15	36	51	50	36	68	55	11	49	52	59	88	94	4	10	64	74	77	92	75	98	40	10	79	5	87	48	98	81	62	82	7	12	84	16	28	57	72	58	4	73	51	0	99	78	1	82	81	23	41	98	70	75	61	47	70	41	70	53	5	19	20	76	93	94	61	90	36	71	62	15	11	90	65	51	34	73	29	33	67	41	69	97	47	98	60	55	45	91	40	4	33	70
35	71	88	69	27	48	33	33	78	5	57	67	43	26	17	15	96	55	85	84	9	24	14	68	21	49	96	14	4	36	93	24	27	57	96	99	92	93	0	78	19	64	16	69	97	61	72	87	10	95	91	94	70	7	61	38	98	11	86	56	18	10	80	7	6	18	30	47	30	73	59	37	86	66	24	41	69	88	10	84	73	61	90	2	17	7	7	1	51	20	75	20	38	79	82	88	9	31	45	87
70	52	31	79	69	44	61	14	53	20	84	49	90	77	77	93	9	51	33	36	42	35	46	89	82	1	33	23	95	40	23	26	3	81	70	12	69	8	22	88	12	10	31	40	16	97	52	86	43	33	73	7	74	66	73	55	87	82	89	79	24	78	27	69	75	11	99	72	49	86	91	79	25	45	48	20	86	91	38	63	53	54	6	42	15	58	93	62	43	71	3	17	69	39	94	45	45	37	31	63
12	55	38	17	98	22	8	0	56	7	97	72	23	62	61	81	32	7	76	57	66	37	6	81	9	21	64	85	8	76	19	93	55	26	39	93	56	89	97	27	58	85	39	32	92	55	99	95	90	39	37	19	3	42	47	71	33	63	2	22	31	64	89	26	40	48	19	12	33	29	17	95	5	48	44	86	59	58	37	46	68	91	99	28	85	95	21	10	68	27	14	7	3	75	48	68	58	0	24	38
42	75	5	80	37	56	37	89	15	95	91	25	63	39	83	11	93	62	20	67	88	66	3	17	42	7	71	40	56	46	74	22	85	99	2	33	72	25	54	89	91	42	90	89	99	52	96	3	80	55	98	10	73	8	34	6	63	3	33	70	37	11	61	52	53	56	9	54	50	31	61	40	45	26	5	46	71	98	75	4	92	35	17	48	21	13	33	49	13	40	29	53	63	28	65	96	10	63	93	83
22	14	75	100	3	52	46	67	0	55	79	71	87	63	62	55	64	97	54	28	98	29	72	97	55	13	99	79	60	64	91	92	96	28	92	1	23	80	52	74	29	27	63	75	84	36	83	84	91	66	69	99	32	89	5	73	89	92	29	57	16	40	9	90	69	95	96	14	61	75	89	55	10	93	88	6	31	73	53	75	96	73	57	1	82	37	19	58	70	93	68	14	65	18	67	70	37	57	22	93
67	19	66	75	45	20	96	71	85	54	90	51	65	6	95	28	48	22	81	91	99	46	86	30	97	64	86	58	82	88	17	40	93	27	53	84	51	94	1	47	37	92	57	86	4	86	43	32	0	35	60	64	5	24	38	70	30	5	85	13	50	37	32	95	15	99	27	7	96	97	92	15	37	85	1	57	73	37	28	41	14	12	68	96	58	93	69	81	26	74	76	64	91	44	51	52	87	89	91	65
99	54	21	98	63	82	83	77	34	15	34	32	100	45	69	82	37	86	87	92	36	81	59	94	18	98	37	100	59	23	57	17	73	30	31	56	40	44	50	58	1	17	48	87	82	13	34	18	92	31	11	49	54	19	53	24	49	67	39	5	36	43	23	24	14	90	3	63	42	52	95	70	3	0	63	0	6	41	50	39	6	1	22	24	71	75	5	24	3	31	56	93	6	47	61	25	56	91	85	32
20	8	97	27	8	53	5	62	84	75	43	78	78	30	49	47	3	89	14	79	86	82	88	80	54	18	51	27	92	62	76	2	32	92	22	66	33	61	64	63	51	52	96	64	52	60	95	62	2	61	67	66	96	69	82	3	83	100	83	52	85	25	87	17	21	16	37	30	71	22	28	36	96	15	37	58	2	74	13	99	84	45	84	15	64	15	15	77	75	39	54	27	80	71	29	28	21	54	68	56
97	72	29	61	31	32	45	100	63	1	1	39	57	24	21	45	12	42	10	72	11	87	63	38	32	39	18	13	100	20	52	30	7	46	5	16	67	10	34	11	6	46	54	56	96	98	44	52	58	82	25	13	25	55	16	20	90	78	68	9	98	49	99	50	74	79	67	87	56	77	37	87	60	35	38	47	16	27	92	5	8	69	50	27	77	19	91	75	76	61	23	43	93	17	88	87	82	88	81	19
93	78	65	96	5	55	65	21	11	13	36	54	2	38	55	74	66	4	100	64	71	11	27	0	89	32	100	21	70	48	90	6	50	100	38	65	14	84	62	19	100	12	68	16	78	88	69	42	39	26	48	41	24	59	85	53	9	24	55	32	92	5	45	83	82	5	46	13	18	34	71	52	95	20	68	30	95	97	99	58	80	65	81	91	54	55	79	42	54	53	53	24	40	94	75	1	31	97	69	24
29	79	6	28	7	62	51	76	41	70	10	37	30	4	92	59	47	5	31	9	58	77	9	62	38	60	67	44	83	7	45	86	88	75	94	55	76	96	45	75	31	6	42	13	0	25	80	88	64	41	100	38	98	78	57	80	86	66	19	40	84	14	56	54	83	27	51	20	22	93	87	7	50	63	61	22	80	29	90	71	83	39	82	65	26	30	92	17	49	22	39	85	44	5	72	100	16	79	88	37
88	22	76	51	1	98	23	24	69	2	69	18	3	40	38	2	75	15	8	80	28	49	99	51	34	91	60	24	97	72	62	98	6	90	6	82	7	63	75	45	11	29	87	51	45	5	17	72	38	83	38	3	71	5	10	10	32	62	69	51	72	30	78	58	27	7	68	31	93	32	12	63	4	76	56	36	26	93	49	22	23	13	10	80	40	74	71	96	48	37	4	37	96	12	62	92	25	86	6	72
9	2	41	76	100	72	100	7	73	67	78	61	96	32	1	83	85	1	75	73	33	32	87	64	98	43	22	89	21	58	37	79	9	9	83	50	38	17	85	90	40	40	56	92	41	12	70	29	62	27	31	36	55	4	80	42	94	61	56	97	23	84	51	3	80	14	66	25	15	64	2	54	6	10	78	89	51	55	64	7	58	74	18	11	36	9	60	93	22	1	55	81	28	40	49	58	42	95	39	84
2	95	14	26	36	67	43	81	70	39	2	74	60	34	73	18	7	40	16	82	65	20	18	71	63	50	91	11	51	57	26	76	90	82	32	85	43	95	13	97	26	99	46	45	44	1	78	97	98	25	20	80	23	49	48	97	73	47	79	10	26	42	30	14	67	42	18	59	90	10	43	91	88	97	9	92	96	61	4	34	19	40	69	82	56	67	68	99	38	50	48	25	81	29	31	18	23	82	82	62
60	3	56	88	29	37	85	59	38	49	15	43	44	58	75	88	84	81	70	74	78	38	95	54	31	10	25	33	88	86	2	27	62	74	37	95	48	37	48	0	4	83	78	29	61	90	39	64	49	2	4	42	88	43	14	25	25	0	40	4	32	50	39	20	59	17	52	49	36	62	98	89	76	60	100	68	65	11	0	1	7	96	77	67	83	63	36	33	44	58	90	97	86	81	24	46	61	98	14	76
6	68	33	31	86	45	15	47	3	100	37	73	59	13	70	85	43	60	79	16	59	54	54	33	15	45	32	15	85	32	78	3	74	72	10	91	5	76	36	96	77	79	15	93	65	21	20	28	9	11	51	47	86	86	79	87	99	48	24	7	35	62	2	100	57	89	14	23	39	88	85	58	43	16	92	42	91	72	36	32	87	24	21	13	62	54	97	78	15	73	61	67	49	97	57	84	63	46	19	23
83	39	45	91	52	26	17	25	31	69	67	13	37	96	9	32	14	100	43	100	97	94	0	58	35	51	53	32	65	89	34	64	86	24	65	37	97	38	68	68	48	28	92	88	38	100	92	35	99	71	12	45	63	60	60	72	84	56	18	55	99	36	59	30	44	9	11	3	97	70	20	50	42	99	55	93	72	34	17	6	39	76	63	74	18	48	55	36	53	70	33	65	1	46	32	16	17	87	15	82
51	96	99	13	21	49	80	27	66	26	85	2	86	94	40	21	80	56	7	34	45	44	37	72	5	23	68	66	55	71	68	15	60	94	24	32	13	55	96	34	87	63	2	42	83	7	51	19	37	90	53	57	44	2	2	28	78	23	62	38	21	7	83	99	100	74	63	17	48	65	75	66	26	47	83	99	82	40	62	0	56	36	11	85	37	23	63	54	18	59	73	76	0	51	74	77	98	7	90	86
43	56	74	2	56	87	79	69	61	34	96	1	91	44	31	44	61	63	63	46	14	90	25	99	74	99	21	65	99	67	22	32	91	13	48	46	37	74	66	39	90	60	25	19	81	45	41	56	78	45	28	44	90	3	43	12	40	43	81	95	79	54	8	11	39	32	0	26	82	84	86	6	70	58	57	12	78	71	33	52	44	94	94	5	91	8	87	43	90	44	97	79	4	82	95	72	59	42	59	77
13	100	67	89	65	68	22	40	81	36	70	81	0	46	80	65	82	19	55	69	25	25	56	92	85	24	46	77	80	78	86	49	82	54	73	2	45	92	8	67	94	57	34	9	13	76	46	0	14	96	22	12	47	15	3	58	88	2	95	94	70	19	65	32	66	19	33	65	52	11	35	77	72	86	35	79	35	76	59	11	76	53	75	87	34	50	70	28	11	91	45	39	14	26	53	23	11	26	11	25
40	6	17	36	87	65	9	46	79	40	12	89	41	80	64	56	89	61	78	75	40	92	34	22	28	25	29	96	24	11	95	0	10	65	76	52	77	14	82	15	64	22	77	22	28	10	74	51	88	48	84	31	30	57	100	2	57	83	6	61	17	22	58	70	90	15	60	50	58	4	90	62	20	13	91	64	85	6	95	49	42	71	47	83	0	35	65	2	97	48	89	80	84	2	87	8	50	14	49	44
26	82	20	38	89	74	62	36	24	60	65	59	70	68	29	14	16	70	80	70	43	42	67	40	11	30	48	83	87	6	48	18	5	84	0	10	27	21	74	76	66	33	5	28	77	67	31	6	69	19	18	88	83	68	9	79	3	22	84	62	94	74	10	25	26	3	64	88	54	89	94	0	100	9	2	1	90	22	15	16	31	64	39	43	76	64	40	25	96	60	91	29	8	85	12	9	90	96	2	46
68	0	95	90	13	41	25	93	52	84	29	26	74	17	3	58	59	54	39	88	34	2	7	3	56	62	47	53	57	54	49	25	49	63	3	6	63	23	86	80	74	87	86	72	73	39	88	94	41	37	57	59	61	62	33	22	37	20	51	72	73	3	19	84	71	81	28	83	89	71	19	98	66	91	67	74	47	53	29	62	52	81	78	78	10	26	58	45	50	4	70	75	25	9	3	31	75	45	63	53
61	80	72	14	32	5	11	80	17	22	22	87	50	51	89	19	41	57	53	14	75	73	11	79	75	44	66	76	48	82	84	100	23	70	13	86	3	72	95	42	2	36	21	53	34	96	94	39	46	99	0	24	35	37	11	7	12	40	31	33	58	82	11	57	4	63	59	5	4	94	8	35	34	100	8	59	54	79	60	69	36	59	53	99	31	73	1	29	85	6	63	19	85	11	8	90	77	25	62	7
84	31	87	47	30	8	41	29	20	28	99	69	51	23	16	13	20	76	13	11	5	67	28	15	39	27	11	95	52	59	35	29	18	19	35	8	88	79	91	32	69	21	38	36	62	65	40	21	72	79	86	11	11	79	83	59	2	35	96	67	22	66	54	68	1	39	70	4	66	25	0	24	62	27	89	18	52	59	73	48	29	34	89	32	73	46	89	84	79	3	59	99	74	95	9	17	78	10	34	100
69	67	26	68	83	15	44	51	99	57	33	75	36	25	90	53	63	45	35	58	76	83	22	95	90	0	45	71	47	74	94	12	56	67	25	31	59	7	84	64	15	77	14	46	20	34	12	74	75	7	61	46	95	13	0	99	8	39	97	76	66	44	86	31	10	57	82	70	79	17	51	23	90	67	4	66	81	67	19	47	70	38	79	61	2	96	27	56	91	36	34	73	57	67	43	67	29	16	53	66
100	47	44	54	38	59	95	85	25	93	98	99	45	53	34	48	35	16	62	22	64	9	2	37	60	33	43	48	26	29	1	13	53	16	99	79	24	78	4	23	23	59	20	41	31	6	75	78	19	98	72	0	2	29	25	60	22	70	36	37	25	85	84	22	9	78	17	81	92	18	36	13	18	82	25	16	64	99	40	66	4	68	14	88	14	65	73	71	19	82	82	11	61	36	81	44	20	83	92	0
90	18	98	40	6	30	88	92	18	19	19	22	22	29	43	94	22	41	41	78	21	56	98	31	91	81	36	17	27	2	70	38	26	68	46	92	82	40	10	87	44	67	74	0	11	22	49	7	53	84	47	77	38	33	26	9	15	94	4	93	55	16	7	74	12	83	49	97	98	38	63	76	63	50	7	31	44	21	56	61	45	93	20	77	50	29	57	73	20	11	30	4	95	53	23	34	49	52	20	10
3	77	39	10	9	69	84	48	87	77	42	65	20	93	12	9	36	37	72	98	48	76	23	7	2	42	42	9	69	24	39	58	59	34	19	89	36	90	94	62	30	58	98	97	26	78	100	69	85	60	19	83	46	10	98	52	50	77	41	41	95	86	95	0	48	50	38	96	86	21	29	81	97	41	18	35	34	17	41	53	86	90	1	40	80	5	37	68	59	47	44	40	52	78	73	62	64	44	44	40
55	65	64	97	93	79	93	19	13	17	54	45	4	33	36	67	27	9	89	17	19	70	45	85	70	22	26	43	17	100	11	88	19	88	45	29	1	58	42	7	20	94	69	43	95	83	14	10	11	73	32	82	6	53	71	14	58	30	15	30	86	76	0	97	97	33	83	71	41	100	9	17	78	43	27	23	27	19	18	10	34	2	73	63	8	0	86	19	46	57	52	26	62	42	76	32	62	48	87	35
74	28	91	23	62	17	49	22	89	73	31	7	40	41	47	99	53	80	83	55	77	80	29	41	45	83	93	42	90	12	58	68	42	12	81	71	94	60	5	69	43	89	62	30	23	0	59	9	40	93	8	53	81	54	21	57	67	79	77	8	13	96	62	73	85	62	78	89	35	26	23	78	27	44	33	27	41	68	48	68	15	41	76	95	49	28	72	100	39	19	67	92	87	62	69	49	81	66	43	6
48	90	18	11	40	78	21	82	82	83	94	3	54	3	56	12	10	82	94	37	54	30	73	14	12	80	12	54	12	80	61	44	2	43	78	70	16	98	99	36	25	39	4	49	98	87	15	82	48	30	88	98	79	73	52	33	20	72	30	83	39	52	44	53	61	23	29	35	77	39	1	29	40	64	43	81	1	20	70	27	66	6	55	60	3	91	2	47	93	94	81	56	59	66	34	71	36	75	79	60
27	48	2	53	79	97	47	87	6	64	24	20	81	42	99	34	68	33	37	21	70	6	60	60	14	79	7	70	64	31	5	85	54	62	50	26	86	91	78	29	38	50	44	63	71	74	8	26	50	3	14	63	59	83	45	82	60	37	54	26	62	73	36	16	94	94	69	15	7	51	78	44	65	68	28	29	7	13	23	64	9	55	27	92	51	25	84	15	6	16	15	83	78	68	40	86	69	27	55	3
17	9	13	25	24	50	19	64	28	90	14	9	14	100	46	46	51	14	26	95	92	98	32	11	8	84	30	84	37	27	81	55	84	39	43	13	30	42	12	84	96	66	94	38	76	70	16	58	13	86	64	16	12	40	40	92	19	41	38	91	27	32	72	46	34	100	32	18	29	85	58	71	38	17	71	37	42	16	57	42	2	28	93	68	7	68	31	60	14	63	78	2	10	21	35	99	99	58	38	78
75	33	1	85	49	3	35	11	40	32	30	92	9	64	65	23	71	43	61	20	30	95	100	19	10	87	57	22	31	18	96	36	97	44	88	25	9	3	73	26	83	73	85	15	66	14	53	43	55	75	59	72	16	18	51	54	26	32	9	21	75	34	33	15	17	46	44	73	99	44	74	59	33	98	53	73	32	32	54	87	99	20	40	0	55	66	18	97	57	13	66	62	34	0	79	39	53	29	29	80
30	41	81	73	99	28	91	68	93	58	28	76	67	71	10	70	65	65	23	38	15	33	44	50	64	29	27	81	6	83	55	87	78	6	12	48	89	36	92	65	75	84	60	84	70	56	57	63	18	89	35	60	29	35	50	40	93	15	25	2	38	17	88	87	92	40	97	84	65	0	26	75	94	2	19	13	55	43	21	24	93	37	36	30	53	39	82	91	12	99	99	100	7	92	52	37	95	23	74	67
24	7	19	32	47	51	75	38	74	25	56	64	5	70	66	8	97	92	36	59	90	97	38	86	40	14	9	52	72	43	43	31	29	78	16	72	0	51	29	37	28	88	72	82	85	92	7	91	21	34	33	35	4	20	30	19	69	27	45	31	53	65	55	2	91	43	50	90	21	69	70	2	1	96	15	5	40	31	16	51	48	82	26	89	27	97	29	3	92	78	32	10	19	31	83	95	35	47	61	57
71	64	80	58	2	58	30	43	75	46	61	14	33	97	22	52	24	21	86	12	73	14	61	28	59	61	28	4	7	90	12	77	79	52	67	57	99	85	55	94	49	72	50	52	33	77	27	12	95	17	23	18	28	27	39	43	79	71	92	50	74	26	15	65	62	59	31	62	13	56	69	19	46	42	79	70	18	60	52	13	79	44	4	21	69	56	28	79	71	28	51	47	45	57	59	22	84	84	21	61
36	76	85	35	0	88	6	32	37	6	100	68	98	57	86	77	2	66	99	27	39	13	78	100	86	2	19	99	49	70	31	99	25	7	97	60	49	75	14	31	27	14	66	47	57	18	79	61	34	18	9	8	8	65	18	32	51	19	37	45	9	21	20	60	65	68	23	93	17	45	64	64	12	71	21	97	77	80	71	100	51	66	19	59	87	80	66	39	87	46	79	8	32	30	39	54	80	64	1	64
56	57	25	86	73	81	52	98	65	76	44	91	21	21	87	75	13	8	34	89	22	63	48	56	88	52	97	1	23	25	54	46	72	47	14	83	68	15	63	82	56	18	75	90	14	24	66	81	26	29	13	85	99	23	76	35	42	58	23	54	97	12	74	85	29	58	98	74	84	43	10	11	91	18	32	85	17	18	22	29	47	33	60	25	39	6	99	87	28	80	38	16	9	22	10	69	18	61	10	39
38	20	53	49	44	70	56	78	97	41	32	86	35	20	91	78	11	18	71	6	56	61	65	5	25	3	31	0	2	34	60	50	38	41	47	78	41	20	76	79	61	53	1	14	51	71	82	17	79	46	94	17	15	17	96	39	68	44	34	59	20	35	90	79	33	91	72	42	67	55	11	88	41	92	23	65	14	51	80	37	46	32	2	16	1	71	59	61	82	81	31	54	23	63	90	4	3	90	60	97
50	21	68	94	68	100	76	18	39	24	21	79	6	91	20	35	17	87	29	90	37	55	93	70	20	55	90	45	71	68	69	67	57	5	1	59	29	26	79	98	52	100	13	80	37	57	35	77	12	80	2	20	85	100	29	94	91	76	73	1	29	23	67	29	77	21	100	56	12	3	42	12	31	39	87	82	15	78	5	8	94	30	15	72	59	51	24	74	10	23	36	49	48	77	89	63	14	18	36	91
89	88	36	8	76	19	1	50	29	80	46	70	99	18	24	80	42	53	28	15	35	53	8	21	3	53	4	73	45	42	28	43	68	91	7	40	90	73	35	5	93	49	70	12	32	37	1	54	82	42	68	81	41	93	69	18	66	68	21	63	19	94	77	67	20	52	79	36	83	60	34	69	22	75	59	55	88	77	6	85	27	15	30	69	52	82	54	34	5	8	87	63	73	98	6	81	83	51	54	21
46	34	57	81	61	24	28	3	2	29	58	28	55	76	94	42	33	11	45	30	82	34	90	18	50	54	78	80	20	37	9	37	8	85	29	3	8	24	70	46	67	23	88	79	21	79	38	25	29	38	26	40	48	72	88	11	10	29	90	47	42	6	60	35	84	51	25	40	45	50	68	68	2	53	70	88	49	84	47	50	85	77	3	57	57	41	32	52	64	0	42	78	26	50	28	12	34	62	84	49
8	92	24	92	18	94	67	20	44	9	16	4	19	90	37	100	87	2	68	18	1	43	82	44	19	9	65	41	78	92	47	16	34	35	55	27	85	5	15	3	88	86	52	77	24	66	71	49	63	4	83	25	97	91	94	17	31	10	63	16	59	95	37	88	42	8	22	38	100	61	47	100	56	34	96	53	67	50	86	60	0	3	62	33	94	40	4	46	89	100	37	48	89	65	46	66	51	43	83	81
11	91	47	33	10	80	86	41	90	11	18	38	32	84	50	90	54	75	84	76	83	36	26	90	73	38	61	75	68	5	32	82	99	60	33	36	42	62	93	53	59	38	35	67	9	35	65	22	31	69	15	55	22	51	8	1	92	85	49	87	93	8	4	56	51	88	43	43	73	47	76	1	84	30	80	14	22	23	31	54	59	21	13	81	79	2	85	23	74	69	62	74	41	3	1	85	5	17	95	75
0	74	42	62	71	71	77	2	59	94	76	84	97	95	25	64	88	29	15	86	31	50	91	36	43	82	5	47	42	26	30	39	71	80	18	88	80	47	31	20	99	65	97	35	89	75	67	45	71	51	77	22	92	70	70	36	97	73	17	15	8	33	98	64	52	2	42	64	6	53	39	41	17	33	16	56	83	0	51	17	78	84	72	34	95	36	14	83	99	75	49	6	15	4	84	35	85	92	46	4
91	35	71	18	19	93	74	53	49	14	82	98	38	49	82	33	28	99	1	1	0	75	51	1	4	76	94	87	38	87	24	66	17	55	63	100	31	32	72	52	82	0	83	5	15	19	97	36	44	22	74	54	50	11	58	66	54	25	42	20	7	100	66	42	93	65	76	28	68	7	38	82	93	23	99	33	37	48	88	79	12	23	48	36	48	18	45	4	47	30	83	94	43	23	0	19	15	24	75	43
25	13	46	52	14	34	3	99	77	71	26	33	79	61	58	92	4	72	25	60	16	74	36	46	1	31	2	78	67	51	80	80	80	87	87	54	55	57	59	41	68	5	9	61	3	44	36	30	24	5	24	48	21	32	6	89	81	45	66	89	90	79	50	55	45	37	26	55	25	28	50	43	71	4	76	44	84	5	42	88	69	70	85	6	81	69	81	38	42	98	74	89	37	60	30	50	54	77	9	26
57	83	55	83	15	92	81	65	57	30	20	100	24	35	48	96	34	73	50	39	46	85	31	43	57	78	82	68	43	52	7	21	39	95	9	14	28	97	25	56	70	30	22	76	69	47	58	75	27	36	40	50	68	71	12	67	61	4	47	12	60	60	3	4	41	1	55	68	81	9	33	45	67	21	13	63	99	36	34	55	90	22	56	94	98	27	74	48	25	86	28	91	21	34	97	10	96	41	8	47
59	15	7	99	17	90	60	45	22	33	49	56	18	16	97	4	94	84	38	10	84	88	50	42	79	58	35	94	46	15	0	75	45	45	28	73	93	52	83	6	92	56	41	73	56	3	45	4	68	63	30	95	91	38	56	27	55	88	27	100	5	9	24	71	5	71	39	79	11	20	25	86	48	69	45	48	11	62	12	74	100	10	31	54	33	4	51	50	86	33	77	86	33	100	11	61	6	28	96	20
72	94	77	15	80	89	27	23	46	0	93	6	88	5	28	76	98	83	77	93	69	18	21	6	52	35	79	62	84	45	13	71	33	1	100	28	34	53	40	59	9	97	30	50	59	53	84	11	47	58	43	67	18	99	49	85	7	17	26	68	44	80	26	93	28	96	45	61	5	8	82	92	47	54	62	26	100	35	65	78	75	56	44	100	22	16	46	5	8	34	27	22	29	24	66	0	32	49	89	27
19	73	78	0	92	63	0	4	68	68	9	52	66	73	8	50	5	48	49	99	93	72	96	9	72	34	85	25	29	96	56	95	69	51	54	39	54	39	77	54	17	54	58	91	74	4	64	41	74	70	54	21	43	77	15	100	16	7	72	53	96	41	14	36	95	76	93	41	16	33	96	8	85	1	10	91	19	30	96	98	22	57	100	47	67	21	12	67	45	17	41	68	90	6	26	94	28	99	41	85
4	17	48	46	33	29	7	96	86	3	62	82	77	99	71	72	19	85	22	31	87	64	92	88	13	75	87	8	66	55	25	14	61	29	51	58	44	50	56	50	65	3	17	31	87	95	77	96	56	32	46	9	100	9	24	51	21	57	1	81	41	67	42	28	30	12	54	80	40	72	77	84	79	31	66	8	33	100	25	59	18	9	66	71	16	11	50	40	62	43	80	88	77	7	25	30	70	39	0	54
86	86	23	48	20	40	78	84	47	4	13	53	52	82	42	22	23	12	65	5	57	52	33	69	84	86	80	56	44	19	51	78	28	49	72	38	71	43	16	92	62	35	61	3	64	29	28	20	96	53	7	56	45	1	42	8	46	42	14	44	63	2	73	89	36	36	8	27	0	57	57	65	35	12	85	45	5	70	81	80	89	85	24	70	11	62	88	88	21	85	94	50	68	41	44	47	48	94	16	79
82	69	12	50	35	6	70	91	12	21	38	83	7	83	60	26	72	3	51	71	81	47	71	91	41	94	16	6	13	79	8	59	83	25	71	97	70	71	11	4	50	1	59	100	22	11	73	5	70	28	29	39	27	30	7	75	62	97	94	71	69	87	93	76	68	6	91	34	27	95	99	4	28	73	94	95	89	7	69	43	33	89	54	49	23	44	39	21	95	51	96	60	92	54	55	97	67	13	100	55
63	45	9	16	16	35	66	39	45	31	95	77	42	74	59	61	56	47	58	29	94	48	53	34	83	15	15	63	39	35	50	53	46	33	57	5	83	4	21	38	53	19	45	20	79	26	68	79	59	13	85	91	13	21	66	78	39	54	75	86	1	20	68	72	98	97	89	6	70	78	52	80	55	6	0	87	74	90	30	81	43	83	32	86	38	100	44	72	58	64	13	52	82	10	27	24	55	50	94	15
49	99	79	70	28	13	73	88	14	12	52	35	29	47	33	39	74	17	82	7	60	5	4	59	53	93	41	82	93	22	27	47	76	96	49	17	60	2	61	61	45	44	10	10	55	31	0	14	67	91	45	43	87	39	95	15	4	91	28	92	91	77	94	39	31	10	12	86	44	98	100	25	7	36	81	84	46	8	87	82	11	95	97	12	100	38	9	7	23	83	86	1	54	33	70	76	93	55	97	14
81	12	54	7	82	57	54	58	95	63	23	31	34	66	63	60	31	35	3	48	32	28	15	32	37	66	58	64	25	53	92	4	11	64	62	74	32	48	90	40	42	31	3	48	93	23	50	92	22	15	27	87	82	26	63	69	17	59	80	78	56	15	71	80	11	82	48	98	2	35	46	57	49	80	49	38	92	49	74	77	77	72	16	98	90	84	47	63	84	79	11	66	17	19	58	82	19	67	37	59
7	59	84	12	42	42	2	44	19	92	3	24	72	78	53	69	39	64	27	2	96	27	42	63	87	6	55	93	53	30	73	11	12	76	15	45	18	16	51	43	22	2	7	27	42	59	26	100	86	57	95	96	62	16	41	5	59	99	3	36	40	98	35	44	79	49	15	94	94	99	18	30	44	77	41	7	53	26	3	40	57	14	87	31	97	42	62	30	60	65	58	72	50	15	36	74	86	78	26	12
23	93	82	6	46	9	36	26	80	78	81	19	61	69	98	57	49	96	57	8	38	65	47	27	27	74	6	37	16	98	72	52	52	8	56	61	12	33	71	91	85	20	89	85	40	85	90	23	65	9	63	84	65	25	72	47	6	28	0	18	3	59	34	19	37	75	80	32	80	54	15	83	59	62	34	32	38	56	24	44	81	88	71	51	30	20	80	12	66	87	57	33	16	87	80	48	72	6	27	51
18	89	90	34	51	61	98	54	43	88	48	42	76	2	72	95	25	90	91	41	44	51	40	24	22	97	1	67	41	49	33	51	67	3	36	20	46	64	3	18	89	68	93	74	39	28	13	70	3	64	21	74	33	74	22	45	52	95	57	39	64	39	57	98	38	70	92	22	74	30	83	20	92	51	12	28	23	38	100	2	30	62	45	76	35	10	56	22	31	66	7	38	30	93	50	98	60	65	7	8
80	4	10	78	53	23	50	74	33	38	35	21	27	79	41	24	57	6	95	44	29	58	70	87	78	37	23	91	98	8	38	19	92	17	80	96	19	29	47	99	71	55	19	6	49	81	55	2	33	50	56	69	52	80	31	74	71	75	74	85	52	83	100	6	72	69	88	45	72	67	45	9	77	25	69	43	58	65	55	93	98	78	8	10	68	60	38	80	35	5	85	35	24	83	7	29	39	34	18	16
62	37	52	20	75	43	20	83	54	16	8	63	28	31	35	84	62	0	93	53	10	12	35	16	93	11	8	90	89	47	15	97	0	69	93	43	73	6	43	73	81	82	76	23	68	80	98	57	28	16	66	75	20	97	27	37	14	16	71	0	83	24	1	77	86	66	94	82	8	87	62	5	23	61	86	72	93	46	97	26	24	58	25	93	44	49	41	18	30	25	16	95	18	99	18	57	88	60	52	2
73	30	93	4	81	66	12	60	91	61	51	29	48	52	18	63	67	88	30	96	49	17	94	83	44	68	10	10	0	41	4	69	98	2	58	51	2	83	6	93	86	47	99	37	5	27	33	24	32	56	80	79	40	46	28	96	80	46	50	77	0	45	63	94	47	29	53	8	88	90	56	27	13	56	42	34	66	44	39	94	40	49	43	84	74	12	0	98	81	49	2	31	51	43	5	15	74	93	32	69
5	40	92	41	26	96	89	86	55	87	59	8	58	37	88	3	91	23	67	47	53	86	81	20	0	71	24	35	33	21	16	62	21	32	77	62	98	13	41	77	3	93	0	2	48	33	62	65	54	78	78	68	26	88	1	21	45	33	16	25	77	53	92	40	35	93	75	24	95	12	53	18	82	8	51	51	28	69	43	97	88	52	35	44	61	94	76	20	83	45	60	96	94	56	14	41	92	70	73	92
53	5	89	22	72	76	64	6	9	27	75	15	95	15	81	27	69	78	6	52	100	41	76	25	65	8	69	31	76	9	75	60	77	61	66	64	35	9	87	95	32	75	64	96	90	16	56	59	83	1	97	15	72	41	4	56	36	89	67	42	100	68	81	10	13	80	10	16	3	68	4	61	87	7	3	83	12	2	44	92	54	79	64	20	86	70	6	65	72	89	98	69	83	69	41	5	22	20	71	99
94	84	100	30	48	12	42	10	27	56	4	41	64	81	39	43	95	77	48	87	26	78	84	65	7	67	50	38	79	14	71	63	66	79	75	47	78	35	58	70	10	37	27	17	67	17	21	53	61	88	16	71	80	76	35	81	75	36	7	60	65	69	75	62	46	44	21	37	38	48	80	10	16	88	82	61	98	1	68	72	5	18	23	29	24	78	61	86	36	24	64	70	46	61	86	7	2	56	30	71
37	61	37	60	60	38	4	5	60	52	88	97	92	65	44	1	92	34	17	42	72	3	12	75	47	90	40	2	15	84	64	70	4	20	23	24	100	28	2	86	39	76	26	44	1	8	25	55	1	47	1	58	75	81	78	31	34	84	87	43	6	46	64	86	2	38	81	52	76	37	40	39	14	57	84	40	48	14	26	36	72	4	38	53	45	47	43	27	16	38	43	42	88	91	56	27	38	68	40	33
1	62	3	55	84	7	82	31	67	74	66	34	56	98	27	25	26	30	96	50	80	8	79	48	62	17	77	18	36	91	88	34	51	77	61	18	66	68	39	51	76	13	100	70	50	40	47	76	81	67	62	89	10	98	17	30	27	69	78	48	82	97	48	18	8	22	1	60	1	2	79	49	75	65	93	49	25	33	8	33	71	29	46	7	32	89	94	13	65	72	72	71	58	80	47	21	24	38	58	73
44	53	16	45	58	75	34	72	5	47	55	96	12	92	85	37	18	71	0	43	61	7	74	10	76	41	56	39	58	81	6	65	44	37	79	44	10	49	53	17	79	45	71	7	25	15	37	37	76	20	6	34	7	0	55	26	11	8	44	17	88	71	22	78	56	45	4	58	62	82	48	42	24	52	39	78	87	94	7	23	13	63	80	23	20	1	77	16	2	12	35	59	20	32	21	79	76	21	5	96
65	32	69	84	43	84	87	79	7	81	47	55	62	60	19	66	6	49	11	81	3	1	49	61	96	96	14	88	19	56	63	73	43	0	44	15	26	27	80	57	60	61	32	58	18	73	76	8	8	10	39	97	64	48	68	62	82	60	58	58	43	48	91	38	60	20	86	53	47	24	81	28	15	87	47	77	94	95	94	91	91	92	58	75	5	52	96	6	9	76	17	46	97	74	4	13	26	81	86	41
77	46	22	59	94	33	38	97	98	50	17	46	69	27	76	73	99	50	56	35	6	69	68	35	30	70	39	86	32	65	41	35	36	4	20	22	61	30	98	13	35	8	40	4	100	42	24	44	20	94	79	30	56	90	23	46	1	81	35	82	76	89	52	1	55	85	65	66	43	41	44	60	99	5	46	21	97	4	83	38	97	17	42	26	46	57	53	70	94	95	65	3	39	20	100	2	65	5	28	45
32	98	51	77	25	95	18	30	30	91	89	12	11	1	0	86	58	94	59	65	63	23	19	49	33	89	62	72	61	97	83	89	13	15	85	98	22	12	46	2	63	71	29	21	53	68	81	31	89	40	70	32	57	92	92	98	24	12	65	66	30	38	49	45	78	67	7	100	19	79	49	22	32	83	90	62	21	25	58	57	20	47	12	35	28	81	64	57	41	55	92	34	76	45	16	59	7	2	64	58
21	36	28	57	34	0	13	90	51	99	39	85	71	56	13	7	90	98	69	33	24	16	5	76	26	48	17	29	5	63	100	94	1	56	21	4	91	11	33	8	7	74	23	62	30	43	5	27	36	21	36	37	34	14	75	93	100	64	5	84	89	70	31	43	54	73	40	76	91	5	54	90	11	28	50	19	56	9	91	35	74	75	37	41	42	99	83	0	73	15	84	23	5	76	15	36	89	100	48	94
64	27	50	56	88	27	14	56	83	72	74	30	17	89	32	29	46	32	2	23	23	39	16	45	94	69	49	3	73	75	44	28	35	71	34	23	47	22	38	16	55	51	37	95	88	89	32	46	100	44	96	1	66	84	87	90	64	86	13	35	78	27	43	61	16	60	57	48	64	19	30	46	68	72	64	67	61	83	72	45	21	5	29	38	65	3	13	85	24	2	12	84	31	70	17	80	13	11	13	36
76	51	73	93	91	77	92	42	88	35	83	16	94	14	4	16	55	58	40	26	91	100	43	55	29	5	3	97	91	44	98	57	70	89	64	67	64	67	49	33	72	98	84	39	75	46	89	48	35	92	44	61	77	61	77	77	44	90	76	34	15	31	53	82	0	86	20	0	53	15	16	99	39	78	30	25	60	12	9	56	60	42	86	56	66	86	95	66	7	35	18	12	75	27	38	73	33	74	77	22
66	23	58	72	59	83	71	8	92	66	64	62	13	9	54	62	29	46	66	19	18	31	58	84	66	46	89	12	54	95	18	56	22	23	30	9	75	54	26	44	13	34	36	54	7	64	11	85	77	62	34	73	49	12	54	91	5	9	11	19	54	4	69	21	58	4	77	33	23	96	27	85	30	40	17	69	4	85	89	76	28	16	41	62	92	92	16	14	27	18	5	28	42	58	42	6	100	8	78	48
41	29	61	82	4	85	53	13	72	48	7	44	73	43	68	97	0	20	12	40	13	0	62	73	99	65	98	19	63	39	85	10	95	98	27	21	21	31	30	66	21	7	91	55	29	91	19	33	25	100	89	26	42	28	46	29	35	18	48	24	57	18	13	59	87	31	95	77	78	36	73	97	0	32	6	94	63	24	84	21	64	48	33	79	60	53	49	26	1	62	100	30	98	38	20	60	8	32	76	1
